Normalized Hard Data
4
X
Y
Z
NormHardData
81 6 0 1.2314072550086472
68 119 0 1.4898986346509822
81 100 0 0.8275059931285822
5 76 0 1.2212932478219916
73 75 0 1.4922217369326347
48 99 0 1.087570790083423
59 113 0 2.0373994945263414
81 43 0 1.6083044356389344
89 23 0 1.7681223163864543
97 95 0 1.0651538970152674
61 102 0 1.7234747416067968
81 105 0 1.7309733834408298
56 4 0 1.558675365234778
77 91 0 1.5915077821430743
100 98 0 0.813199664469059
27 115 0 1.2421213057340548
114 92 0 1.235778945372977
82 32 0 2.50576261224162
31 66 0 1.2176069771738467
72 11 0 1.5004269855223553
90 123 0 1.0919068701024566
90 42 0 2.210078065772178
66 95 0 1.9573346136279874
126 116 0 1.092650807880865
53 69 0 1.3011415425827715
99 119 0 1.15035035034158
77 59 0 0.8483416123736703
19 103 0 1.1735954526185541
57 86 0 2.0170141219280486
28 89 0 2.2008568341967347
66 113 0 1.4288117873766886
43 19 0 1.5066135058559482
42 88 0 1.6895596841417744
72 90 0 1.7052716778987564
118 71 0 1.9116128947651294
67 32 0 1.1815107974269545
51 34 0 1.141881318734403
10 119 0 1.462350331303222
43 68 0 0.8748742564034022
62 93 0 1.1892957634610242
38 84 0 1.1520756052785284
102 85 0 1.2536092824448588
67 60 0 1.345879028510168
47 92 0 1.6386374232506706
36 14 0 1.66745705122054
75 43 0 1.18891935001457
12 59 0 1.4160646511370325
97 61 0 1.2059715635641834
61 100 0 2.028391672666258
18 59 0 1.4519429556372674
13 121 0 1.1666705506355945
119 10 0 1.5629188021410436
41 40 0 1.1492552625596886
23 26 0 1.1176036409829473
58 67 0 1.3056955348565427
76 52 0 0.8111788909524266
6 33 0 1.342920845282998
90 1 0 1.4423960716158184
118 122 0 1.27122622274246
42 118 0 1.8339123623699365
66 23 0 1.7614557365975656
73 103 0 0.8367594072343446
96 41 0 1.6645590699354154
27 119 0 1.153626500717982
114 23 0 0.986593263902863
100 106 0 1.884549941811654
44 65 0 1.3897960451195255
5 40 0 0.952623086797645
110 33 0 1.3736200130421035
37 7 0 1.0690282736596473
4 52 0 1.0802052471240093
5 75 0 1.492942997641896
97 92 0 1.2983811808483918
109 99 0 0.8837742321399283
106 44 0 1.6491272356429079
90 22 0 1.8265784106952985
97 107 0 1.2402088490705017
62 71 0 1.296622452818788
14 29 0 1.197194193712117
70 98 0 1.2784077411008714
99 14 0 1.263489140321475
85 109 0 1.755172497336628
81 68 0 0.801771385555153
106 13 0 1.976355527091608
23 46 0 1.7742815731437003
111 74 0 1.694007945015451
80 11 0 1.4751324745112935
124 109 0 1.441970224953778
79 80 0 1.677749428374542
105 6 0 1.8173242617830514
9 111 0 1.880597661956596
61 58 0 1.3263979259644152
19 53 0 2.255080771148232
34 38 0 1.7139314262960217
76 100 0 1.499360852734962
77 88 0 1.3721257434598457
5 44 0 1.5992910034364187
45 62 0 0.819186799229826
38 74 0 1.5416219410015648
116 116 0 1.3634197010036353